# This file was generated with GNU afmtodit (groff) version 1.23.0.
#
#   FullName Nimbus Mono PS Italic
#   Version 1.00
#   FamilyName Nimbus Mono PS
#
# The original AFM file contains the following comments:
#
#   Notice (URW)++,Copyright 2014 by (URW)++ Design & Development
#   Comment Copyright (URW)++,Copyright 2014 by (URW)++ Design & Development
#   Comment Creation Date: 5/17/2017

name U-CI
internalname NimbusMonoPS-Italic
slant 12
spacewidth 600
encoding text.enc

charset
ha	600,616,0,0,-58	2	0	asciicircum
ti	600,352,0,0,-37	0	1	asciitilde
vS	600,784,16,75,-41,71	2	2	Scaron
vZ	600,784,0,61,-46,61	2	3	Zcaron
vs	600,637,16,40,-52,40	2	4	scaron
vz	600,637,0,31,-58,31	2	5	zcaron
:Y	600,756,0,121,-98,71	2	6	Ydieresis
tm	600,563,0,166,-35,71	2	7	trademark
aq	600,603,0,0,-289	2	8	quotesingle
Eu	600,575,16,90,-5,71	2	9	Euro
space	600	0	32	space
!	600,616,15,0,-191	2	33	exclam
"	600,603,0,40,-199,40	2	34	quotedbl
dq	"
#	600,645,61,45,-82,45	2	35	numbersign
sh	"
$	600,653,90,38,-76,38	2	36	dollar
Do	"
%	600,610,12,43,-84,43	2	37	percent
&	600,520,16,0,-77	0	38	ampersand
'	600,603,0,0,-152	2	39	quoteright
cq	"
(	600,603,122,39,-280,39	2	40	parenleft
)	600,603,122,0,-69	2	41	parenright
*	600,603,0,42,-156,42	2	42	asterisk
+	600,530,0,44,-76,44	0	43	plus
,	600,153,142,0,-55	0	44	comma
-	600,304,0,44,-76,44	0	45	hyphen
hy	"
.	600,124,15,0,-180	0	46	period
/	600,665,79,81,-44,71	2	47	slash
sl	"
0	600,616,15,27,-101,27	2	48	zero
1	600,613,0,0,-62	2	49	one
2	600,616,0,27,-27,27	2	50	two
3	600,616,15,35,-55,35	2	51	three
4	600,603,0,1,-84,1	2	52	four
5	600,603,15,40,-58,40	2	53	five
6	600,616,15,87,-129,71	2	54	six
7	600,603,1,63,-160,63	2	55	seven
8	600,616,15,32,-88,32	2	56	eight
9	600,616,15,45,-87,45	2	57	nine
:	600,418,15,0,-180	0	58	colon
;	600,418,142,0,-59	0	59	semicolon
<	600,519,0,0,-10	0	60	less
=	600,378,0,81,-40,71	0	61	equal
>	600,519,0,0,-16	0	62	greater
?	600,576,15,37,-176,37	2	63	question
@	600,622,61,17,-84,17	2	64	at
at	"
A	600,563,0,52,42,52	2	65	A
B	600,563,0,47,8,47	2	66	B
C	600,575,16,91,-55,71	2	67	C
D	600,563,0,48,8,48	2	68	D
E	600,563,0,76,8,71	2	69	E
F	600,563,0,97,8,71	2	70	F
G	600,575,16,92,-53,71	2	71	G
H	600,563,0,102,-2,71	2	72	H
I	600,563,0,59,-62,59	2	73	I
J	600,563,16,154,-44,71	2	74	J
K	600,563,0,118,8,71	2	75	K
L	600,563,0,41,-12,41	2	76	L
M	600,563,0,156,40,71	2	77	M
N	600,563,0,134,9,71	2	78	N
O	600,575,16,72,-47,71	2	79	O
P	600,563,0,43,8,43	2	80	P
Q	600,575,113,72,-47,71	2	81	Q
R	600,563,0,50,8,50	2	82	R
S	600,575,16,58,-41,58	2	83	S
T	600,563,0,105,-97,71	2	84	T
U	600,563,16,132,-81,71	2	85	U
V	600,563,0,163,-69,71	2	86	V
W	600,563,0,151,-66,71	2	87	W
X	600,563,0,118,11,71	2	88	X
Y	600,563,0,121,-98,71	2	89	Y
Z	600,563,0,46,-46,46	2	90	Z
[	600,603,122,25,-197,25	2	91	bracketleft
lB	"
\	600,665,79,0,-195	2	92	backslash
rs	"
]	600,603,122,0,-77	2	93	bracketright
rB	"
^	600,638,0,10,-208,10	2	94	circumflex
a^	"
_	600,0,116,68,67,68	0	95	underscore
`	600,600,0,0,-325	2	96	quoteleft
oq	"
a	600,433,16,2,-38,2	0	97	a
b	600,603,16,47,29,47	2	98	b
c	600,433,16,52,-67,52	0	99	c
d	600,603,16,87,-47,71	2	100	d
e	600,433,16,26,-49,26	0	101	e
f	600,603,0,119,-54,71	2	102	f
g	600,433,187,103,-50,71	1	103	g
h	600,603,0,12,0,12	2	104	h
i	600,622,0,0,-41	2	105	i
j	600,622,184,4,-57,4	3	106	j
k	600,603,0,34,-12,34	2	107	k
l	600,603,0,0,-41	2	108	l
m	600,433,0,59,40,59	0	109	m
n	600,433,0,2,-2,2	0	110	n
o	600,433,16,33,-56,33	0	111	o
p	600,433,182,49,68,49	1	112	p
q	600,433,182,124,-50,71	1	113	q
r	600,429,0,75,-33,71	0	114	r
s	600,433,16,14,-53,14	0	115	s
t	600,562,16,0,-72	2	116	t
u	600,419,16,26,-72,26	0	117	u
v	600,419,0,111,-59,71	0	118	v
w	600,419,0,111,-59,71	0	119	w
x	600,419,0,67,0,67	0	120	x
y	600,419,182,90,33,71	1	121	y
z	600,419,0,19,-58,19	0	122	z
{	600,603,122,0,-193	2	123	braceleft
lC	"
|	600,825,250,0,-225	3	124	bar
ba	"
}	600,603,122,0,-120	2	125	braceright
rC	"
~	600,603,0,35,-203,35	2	126	tilde
a~	"
bq	600,153,142,0,-55	0	128	quotesinglbase
Fo	600,419,0,81,-50,71	0	129	guillemotleft
Fc	600,419,0,43,-12,43	0	130	guillemotright
bu	600,453,0,0,-97	0	131	bullet
Fn	600,616,91,99,-19,71	2	132	florin
f/	600,471,0,98,-31,71	0	133	fraction
%0	600,613,9,50,-38,50	2	134	perthousand
dg	600,602,61,17,-153,17	2	135	dagger
dd	600,602,61,17,-129,17	2	136	daggerdbl
en	600,307,0,44,-76,44	0	137	endash
em	600,307,0,115,-5,71	0	138	emdash
ff	600,603,0,177,41,71	2	139	ff
fi	600,622,0,72,41,71	2	140	fi
fl	600,603,0,68,41,68	2	141	fl
Fi	600,603,0,58,42,58	2	142	ffi
Fl	600,603,0,69,42,69	2	143	ffl
.i	600,419,0,0,-41	0	144	dotlessi
ga	600,637,0,0,-231	2	146	grave
a"	600,631,0,32,-208,32	2	147	hungarumlaut
a.	600,609,0,0,-313	2	148	dotaccent
ab	600,618,0,29,-226,29	2	149	breve
ah	600,637,0,33,-231,33	2	150	caron
ao	600,658,0,0,-271	2	151	ring
ho	600,11,152,0,-203	0	152	ogonek
lq	600,600,0,39,-166,39	2	153	quotedblleft
rq	600,603,0,96,-115,71	2	154	quotedblright
oe	600,433,16,86,5,71	0	155	oe
/l	600,603,0,0,-41	2	156	lslash
Bq	600,153,113,0,-18	0	157	quotedblbase
OE	600,563,0,147,-7,71	2	158	OE
/L	600,563,0,42,-11,42	2	159	Lslash
r!	600,419,212,0,-167	1	161	exclamdown
ct	600,628,13,20,-120,20	2	162	cent
Po	600,577,0,0,-35	2	163	sterling
Cs	600,490,0,53,-72,53	0	164	currency
Ye	600,563,0,121,-106,71	2	165	yen
bb	600,603,122,0,-225	2	166	brokenbar
sc	600,603,61,80,-34,71	2	167	section
ad	600,609,0,37,-203,37	2	168	dieresis
co	600,577,15,119,-2,71	2	169	copyright
Of	600,573,0,0,-173	2	170	ordfeminine
fo	600,419,0,0,-50	0	171	guilsinglleft
tno	600,440,0,0,-17	0	172	logicalnot
\-	600,307,0,44,-76,44	0	173	minus
rg	600,577,15,119,-2,71	2	174	registered
a-	600,575,0,20,-218,20	2	175	macron
de	600,634,0,9,-202,9	2	176	degree
t+-	600,529,0,53,-21,53	0	177	plusminus
S2	600,611,0,0,-177	2	178	twosuperior
S3	600,611,0,0,-192	2	179	threesuperior
aa	600,637,0,33,-333,33	2	180	acute
*m	600,419,196,0,12	1	181	mu
mc	"
ps	600,603,61,104,-97,71	2	182	paragraph
pc	600,352,0,0,-230	0	183	periodcentered
ac	600,11,169,0,-126	0	184	cedilla
S1	600,612,0,0,-196	2	185	onesuperior
Om	600,576,0,0,-187	2	186	ordmasculine
fc	600,419,0,43,-242,43	0	187	guilsinglright
14	600,612,0,96,-22,71	2	188	onequarter
12	600,612,0,79,-29,71	2	189	onehalf
34	600,611,0,72,-17,71	2	190	threequarters
r?	600,419,172,0,-50	0	191	questiondown
`A	600,784,0,52,42,52	2	192	Agrave
'A	600,784,0,52,42,52	2	193	Aacute
^A	600,785,0,52,42,52	2	194	Acircumflex
~A	600,750,0,52,42,52	2	195	Atilde
:A	600,756,0,52,42,52	2	196	Adieresis
oA	600,805,0,52,42,52	2	197	Aring
AE	600,563,0,147,41,71	2	198	AE
,C	600,575,169,91,-55,71	2	199	Ccedilla
`E	600,784,0,76,8,71	2	200	Egrave
'E	600,784,0,76,8,71	2	201	Eacute
^E	600,785,0,76,8,71	2	202	Ecircumflex
:E	600,756,0,76,8,71	2	203	Edieresis
`I	600,784,0,59,-62,59	2	204	Igrave
'I	600,784,0,59,-62,59	2	205	Iacute
^I	600,785,0,59,-62,59	2	206	Icircumflex
:I	600,756,0,69,-62,69	2	207	Idieresis
-D	600,563,3,48,8,48	2	208	Eth
~N	600,750,0,134,9,71	2	209	Ntilde
`O	600,784,16,72,-47,71	2	210	Ograve
'O	600,784,16,72,-47,71	2	211	Oacute
^O	600,785,16,72,-47,71	2	212	Ocircumflex
~O	600,750,16,74,-48,71	2	213	Otilde
:O	600,756,16,72,-47,71	2	214	Odieresis
tmu	600,465,0,33,-88,33	0	215	multiply
/O	600,604,42,141,21,71	2	216	Oslash
`U	600,784,16,132,-81,71	2	217	Ugrave
'U	600,784,16,132,-81,71	2	218	Uacute
^U	600,785,16,132,-81,71	2	219	Ucircumflex
:U	600,756,16,132,-81,71	2	220	Udieresis
'Y	600,784,0,121,-98,71	2	221	Yacute
TP	600,563,0,22,8,22	2	222	Thorn
ss	600,603,16,0,8	2	223	germandbls
`a	600,637,16,2,-38,2	2	224	agrave
'a	600,637,16,2,-38,2	2	225	aacute
^a	600,638,16,2,-38,2	2	226	acircumflex
~a	600,603,16,25,-38,25	2	227	atilde
:a	600,609,16,27,-38,27	2	228	adieresis
oa	600,658,16,2,-38,2	2	229	aring
ae	600,433,16,86,19,71	0	230	ae
,c	600,433,169,52,-67,52	0	231	ccedilla
`e	600,637,16,26,-49,26	2	232	egrave
'e	600,637,16,26,-49,26	2	233	eacute
^e	600,638,16,26,-49,26	2	234	ecircumflex
:e	600,609,16,42,-49,42	2	235	edieresis
`i	600,637,0,0,-41	2	236	igrave
'i	600,637,0,0,-41	2	237	iacute
^i	600,638,0,0,-40	2	238	icircumflex
:i	600,609,0,24,-41,24	2	239	idieresis
Sd	600,618,17,38,-56,38	2	240	eth
~n	600,603,0,26,-2,26	2	241	ntilde
`o	600,637,16,33,-56,33	2	242	ograve
'o	600,637,16,33,-56,33	2	243	oacute
^o	600,638,16,33,-56,33	2	244	ocircumflex
~o	600,603,16,42,-56,42	2	245	otilde
:o	600,609,16,37,-56,37	2	246	odieresis
tdi	600,540,0,44,-76,44	0	247	divide
/o	600,460,42,93,8,71	0	248	oslash
`u	600,637,16,26,-72,26	2	249	ugrave
'u	600,637,16,26,-72,26	2	250	uacute
^u	600,638,16,26,-72,26	2	251	ucircumflex
:u	600,609,16,29,-72,29	2	252	udieresis
'y	600,637,182,90,33,71	3	253	yacute
Tp	600,589,182,49,68,49	3	254	thorn
:y	600,609,182,90,33,71	3	255	ydieresis
---	600,0,0,0,-269	0	256	.notdef
u00C6_0301	600,784,0,147,41,71	2	257	AEacute
u0041_0306	600,772,0,52,42,52	2	258	Abreve
*A	600,563,0,8,86,8	2	259	Alpha
u0391_0301	600,563,0,26,62,26	2	260	Alphatonos
u0041_0304	600,719,0,52,42,52	2	261	Amacron
u0041_0328	600,563,152,52,42,52	2	262	Aogonek
u0041_030A_0301	600,920,0,52,42,52	2	263	Aringacute
*B	600,563,0,3,52,3	2	264	Beta
'C	600,784,16,91,-55,71	2	265	Cacute
u0043_030C	600,784,16,91,-55,71	2	266	Ccaron
u0043_0302	600,785,16,91,-55,71	2	267	Ccircumflex
u0043_0307	600,757,16,91,-55,71	2	268	Cdotaccent
*X	600,563,0,74,55,71	2	269	Chi
u0044_030C	600,784,0,48,8,48	2	270	Dcaron
u0110	600,563,3,48,8,48	2	271	Dcroat
*D	600,562,0,15,15,15	2	272	Delta
u0045_0306	600,772,0,76,8,71	2	273	Ebreve
u0045_030C	600,784,0,76,8,71	2	274	Ecaron
u0045_0307	600,757,0,76,8,71	2	275	Edotaccent
u0045_0304	600,719,0,76,8,71	2	276	Emacron
u014A	600,563,184,134,9,71	3	277	Eng
u0045_0328	600,563,152,76,8,71	2	278	Eogonek
*E	600,563,0,32,52,32	2	279	Epsilon
u0395_0301	600,563,0,90,42,71	2	280	Epsilontonos
*Y	600,563,0,58,42,58	2	281	Eta
u0397_0301	600,563,0,78,51,71	2	282	Etatonos
*G	600,563,0,117,-11,71	2	283	Gamma
u0047_0306	600,772,16,112,-53,71	2	284	Gbreve
u0047_0302	600,785,16,92,-53,71	2	285	Gcircumflex
u0047_0327	600,575,232,92,-53,71	3	286	Gcommaaccent
u0047_0307	600,757,16,92,-53,71	2	287	Gdotaccent
u25CF	600,566,0,39,39,39	2	288	H18533
u25AA	600,426,0,0,-105	0	289	H18543
u25AB	600,426,0,0,-105	0	290	H18551
u0126	600,563,0,102,-2,71	2	291	Hbar
u0048_0302	600,785,0,102,-2,71	2	292	Hcircumflex
IJ	600,563,138,163,43,71	2	293	IJ
u0049_0306	600,772,0,15,-18,15	2	294	Ibreve
u0049_0307	600,757,0,59,-62,59	2	295	Idotaccent
Im	600,695,70,46,46,46	2	296	Ifraktur
u0049_0304	600,719,0,59,-62,59	2	297	Imacron
u0049_0328	600,563,152,59,-62,59	2	298	Iogonek
*I	600,563,0,15,-18,15	2	299	Iota
u0399_0308	600,715,0,13,-19,13	2	300	Iotadieresis
u0399_0301	600,563,0,42,17,42	2	301	Iotatonos
u0049_0303	600,749,0,59,-62,59	2	302	Itilde
u004A_0302	600,785,16,161,-44,71	2	303	Jcircumflex
*K	600,563,0,74,52,71	2	304	Kappa
u004B_0327	600,563,232,118,8,71	3	305	Kcommaaccent
u004C_0301	600,784,0,41,-12,41	2	306	Lacute
*L	600,563,0,20,68,20	2	307	Lambda
u004C_030C	600,576,0,94,-12,71	2	308	Lcaron
u004C_0327	600,563,232,41,-12,41	3	309	Lcommaaccent
u013F	600,563,0,41,-12,41	2	310	Ldot
*M	600,563,0,112,84,71	2	311	Mu
u004E_0301	600,784,0,134,9,71	2	312	Nacute
u004E_030C	600,784,0,134,9,71	2	313	Ncaron
u004E_0327	600,563,232,134,9,71	3	314	Ncommaaccent
*N	600,563,0,90,53,71	2	315	Nu
u004F_0306	600,772,16,28,-3,28	2	316	Obreve
u004F_030B	600,782,16,128,-47,71	2	317	Ohungarumlaut
u004F_0304	600,719,16,72,-47,71	2	318	Omacron
u03A9_0301	600,575,0,70,51,70	2	319	Omegatonos
*O	600,575,16,28,-3,28	2	320	Omicron
u039F_0301	600,575,16,53,25,53	2	321	Omicrontonos
u00D8_0301	600,784,42,141,21,71	2	322	Oslashacute
*F	600,608,59,70,-49,70	2	323	Phi
*P	600,563,0,65,40,65	2	324	Pi
*Q	600,563,0,112,-36,71	2	325	Psi
u0052_0301	600,784,0,50,8,50	2	326	Racute
u0052_030C	600,784,0,50,8,50	2	327	Rcaron
u0052_0327	600,563,232,50,8,50	3	328	Rcommaaccent
Re	600,658,6,89,101,71	2	329	Rfraktur
*R	600,563,0,0,52	2	330	Rho
u250C	600,283,250,50,-217,50	1	331	SF010000
u2514	600,750,0,50,-217,50	2	332	SF020000
u2510	600,283,250,0,50	1	333	SF030000
u2518	600,750,0,0,50	2	334	SF040000
u253C	600,750,250,50,50,50	3	335	SF050000
u252C	600,283,250,50,50,50	1	336	SF060000
u2534	600,750,0,50,50,50	2	337	SF070000
u251C	600,750,250,50,-217,50	3	338	SF080000
u2524	600,750,250,0,50	3	339	SF090000
u2500	600,283,0,50,50,50	0	340	SF100000
br	600,750,250,0,-217	3	341	SF110000
u2561	600,750,250,0,50	3	342	SF190000
u2562	600,750,250,0,50	3	343	SF200000
u2556	600,283,250,0,50	1	344	SF210000
u2555	600,349,250,0,50	1	345	SF220000
u2563	600,750,250,0,50	3	346	SF230000
u2551	600,750,250,0,-151	3	347	SF240000
u2557	600,349,250,0,50	1	348	SF250000
u255D	600,750,0,0,50	2	349	SF260000
u255C	600,750,0,0,50	2	350	SF270000
u255B	600,750,0,0,50	2	351	SF280000
u255E	600,750,250,50,-217,50	3	352	SF360000
u255F	600,750,250,50,-151,50	3	353	SF370000
u255A	600,750,0,50,-151,50	2	354	SF380000
u2554	600,349,250,50,-151,50	1	355	SF390000
u2569	600,750,0,50,50,50	2	356	SF400000
u2566	600,349,250,50,50,50	1	357	SF410000
u2560	600,750,250,50,-151,50	3	358	SF420000
u2550	600,349,0,50,50,50	0	359	SF430000
u256C	600,750,250,50,50,50	3	360	SF440000
u2567	600,750,0,50,50,50	2	361	SF450000
u2568	600,750,0,50,50,50	2	362	SF460000
u2564	600,349,250,50,50,50	1	363	SF470000
u2565	600,283,250,50,50,50	1	364	SF480000
u2559	600,750,0,50,-151,50	2	365	SF490000
u2558	600,750,0,50,-217,50	2	366	SF500000
u2552	600,349,250,50,-217,50	1	367	SF510000
u2553	600,283,250,50,-151,50	1	368	SF520000
u256B	600,750,250,50,50,50	3	369	SF530000
u256A	600,750,250,50,50,50	3	370	SF540000
u0053_0301	600,784,16,58,-41,58	2	371	Sacute
u0053_0327	600,575,176,58,-41,58	2	372	Scedilla
u0053_0302	600,785,16,58,-41,58	2	373	Scircumflex
u0053_0326	600,575,232,58,-41,58	3	374	Scommaaccent
*S	600,563,0,107,-83,71	2	375	Sigma
*T	600,563,0,61,-53,61	2	376	Tau
u0166	600,563,0,103,-97,71	2	377	Tbar
u0054_030C	600,784,0,105,-97,71	2	378	Tcaron
u0054_0327	600,563,176,105,-97,71	2	379	Tcommaaccent
*H	600,575,16,72,-47,71	2	380	Theta
u0055_0306	600,772,16,132,-81,71	2	381	Ubreve
u0055_030B	600,782,16,132,-81,71	2	382	Uhungarumlaut
u0055_0304	600,719,16,132,-81,71	2	383	Umacron
u0055_0328	600,563,152,132,-81,71	2	384	Uogonek
*U	600,563,0,77,-54,71	2	385	Upsilon
u03A5_0308	600,715,0,74,-53,71	2	386	Upsilondieresis
u03A5_0301	600,563,0,141,42,71	2	387	Upsilontonos
u0055_030A	600,802,16,132,-81,71	2	388	Uring
u0055_0303	600,749,16,132,-81,71	2	389	Utilde
u0057_0301	600,784,0,151,-66,71	2	390	Wacute
u0057_0302	600,785,0,107,-22,71	2	391	Wcircumflex
u0057_0308	600,757,0,151,-66,71	2	392	Wdieresis
u0057_0300	600,784,0,151,-66,71	2	393	Wgrave
*C	600,563,0,59,21,59	2	394	Xi
u0059_0302	600,785,0,77,-54,71	2	395	Ycircumflex
u0059_0300	600,784,0,121,-98,71	2	396	Ygrave
u005A_0301	600,784,0,46,-46,46	2	397	Zacute
u005A_0307	600,757,0,46,-46,46	2	398	Zdotaccent
*Z	600,563,0,3,-3,3	2	399	Zeta
u0061_0306	600,618,16,29,-38,29	2	400	abreve
u00E6_0301	600,637,16,86,19,71	2	401	aeacute
u2015	600,307,0,115,-5,71	0	402	afii00208
u0410	600,563,0,8,86,8	2	403	afii10017
u0411	600,563,0,12,49,12	2	404	afii10018
u0412	600,563,0,3,52,3	2	405	afii10019
u0413	600,563,0,73,33,71	2	406	afii10020
u0414	600,563,135,75,95,71	2	407	afii10021
u0415	600,563,0,32,52,32	2	408	afii10022
u0415_0308	600,716,0,31,49,31	2	409	afii10023
u0416	600,564,0,100,94,71	2	410	afii10024
u0417	600,575,16,12,29,12	2	411	afii10025
u0418	600,563,0,98,64,71	2	412	afii10026
u0418_0306	600,764,0,99,64,71	2	413	afii10027
u041A	600,564,0,71,27,71	2	414	afii10028
u041B	600,563,16,75,79,71	2	415	afii10029
u041C	600,563,0,112,84,71	2	416	afii10030
u041D	600,563,0,58,42,58	2	417	afii10031
u041E	600,575,16,28,-3,28	2	418	afii10032
u041F	600,563,0,65,40,65	2	419	afii10033
u0420	600,563,0,0,52	2	420	afii10034
u0421	600,575,16,47,-11,47	2	421	afii10035
u0422	600,563,0,61,-53,61	2	422	afii10036
u0423	600,563,16,113,12,71	2	423	afii10037
u0424	600,567,0,23,-8,23	2	424	afii10038
u0425	600,563,0,74,55,71	2	425	afii10039
u0426	600,563,121,66,57,66	2	426	afii10040
u0427	600,563,0,62,-32,62	2	427	afii10041
u0428	600,563,0,115,90,71	2	428	afii10042
u0429	600,563,121,115,90,71	2	429	afii10043
u042A	600,563,0,0,3	2	430	afii10044
u042B	600,563,0,115,96,71	2	431	afii10045
u042C	600,563,0,0,49	2	432	afii10046
u042D	600,575,16,11,18,11	2	433	afii10047
u042E	600,576,16,56,85,56	2	434	afii10048
u042F	600,563,0,60,58,60	2	435	afii10049
u0490	600,746,0,108,33,71	2	436	afii10050
u0402	600,563,16,17,2,17	2	437	afii10051
u0413_0301	600,779,0,78,49,71	2	438	afii10052
u0404	600,575,16,45,-13,45	2	439	afii10053
u0405	600,575,16,14,3,14	2	440	afii10054
u0406	600,563,0,15,-18,15	2	441	afii10055
u0406_0308	600,716,0,13,-19,13	2	442	afii10056
u0408	600,563,16,110,0,71	2	443	afii10057
u0409	600,563,16,24,76,24	2	444	afii10058
u040A	600,563,0,22,89,22	2	445	afii10059
u040B	600,563,0,5,2,5	2	446	afii10060
u041A_0301	600,779,0,71,27,71	2	447	afii10061
u0423_0306	600,764,16,113,12,71	2	448	afii10062
u0430	600,433,16,0,6	0	449	afii10065
u0431	600,596,13,8,-7,8	2	450	afii10066
u0432	600,419,0,0,49	0	451	afii10067
u0433	600,419,0,46,49,46	0	452	afii10068
u0434	600,419,99,29,78,29	0	453	afii10069
u0435	600,433,16,0,-5	0	454	afii10070
u0435_0308	600,590,16,0,-8	2	455	afii10071
u0436	600,419,0,60,82,60	0	456	afii10072
u0437	600,433,13,0,13	0	457	afii10073
u0438	600,419,0,62,56,62	0	458	afii10074
u0438_0306	600,623,0,62,56,62	2	459	afii10075
u043A	600,420,0,26,29,26	0	460	afii10076
u043B	600,419,13,30,80,30	0	461	afii10077
u043C	600,419,0,75,80,71	0	462	afii10078
u043D	600,419,0,38,40,38	0	463	afii10079
u043E	600,433,16,0,-12	0	464	afii10080
u043F	600,419,0,33,40,33	0	465	afii10081
u0440	600,433,182,5,112,5	1	466	afii10082
u0441	600,433,16,8,-23,8	0	467	afii10083
u0442	600,419,0,26,-21,26	0	468	afii10084
u0443	600,419,182,46,77,46	1	469	afii10085
u0444	600,591,152,0,3	2	470	afii10086
u0445	600,419,0,23,44,23	0	471	afii10087
u0446	600,419,121,33,40,33	0	472	afii10088
u0447	600,419,0,36,-18,36	0	473	afii10089
u0448	600,419,0,83,90,71	0	474	afii10090
u0449	600,419,121,83,90,71	0	475	afii10091
u044A	600,419,0,0,26	0	476	afii10092
u044B	600,419,0,83,80,71	0	477	afii10093
u044C	600,419,0,0,49	0	478	afii10094
u044D	600,433,16,0,19	0	479	afii10095
u044E	600,433,16,28,78,28	0	480	afii10096
u044F	600,419,0,40,59,40	0	481	afii10097
u0491	600,583,0,76,49,71	2	482	afii10098
u0452	600,602,182,0,41	3	483	afii10099
u0433_0301	600,637,0,46,49,46	2	484	afii10100
u0454	600,433,16,5,-25,5	0	485	afii10101
u0455	600,433,16,0,-9	0	486	afii10102
u0456	600,622,0,0,3	2	487	afii10103
u0456_0308	600,590,0,0,2	2	488	afii10104
u0458	600,622,184,0,-13	3	489	afii10105
u0459	600,419,13,7,67,7	0	490	afii10106
u045A	600,419,0,0,81	0	491	afii10107
u045B	600,602,0,0,41	2	492	afii10108
u043A_0301	600,637,0,26,29,26	2	493	afii10109
u0443_0306	600,623,144,73,34,71	2	494	afii10110
u040F	600,563,121,85,38,71	2	495	afii10145
u045F	600,419,121,33,40,33	0	496	afii10193
u04D9	600,433,16,0,-5	0	497	afii10846
u2105	600,624,41,107,-8,71	2	498	afii61248
u2113	600,688,9,0,-60	2	499	afii61289
u2116	600,563,0,70,64,70	2	500	afii61352
Ah	600,694,4,0,-2	2	501	aleph
*a	600,433,16,156,-56,71	0	502	alpha
u03B1_0301	600,637,16,40,3,40	2	503	alphatonos
u0061_0304	600,575,16,20,-38,20	2	504	amacron
/_	600,456,0,68,72,68	0	505	angle
la	600,646,125,0,-137	2	506	angleleft
ra	600,646,125,0,-137	2	507	angleright
u0061_0328	600,433,152,2,-38,2	0	508	aogonek
~~	600,424,0,0,-42	0	509	approxequal
~=	"
u0061_030A_0301	600,776,16,2,-38,2	2	510	aringacute
<>	600,371,0,35,26,35	0	511	arrowboth
hA	600,571,0,211,211,71	2	512	arrowdblboth
dA	600,704,0,0,-3	2	513	arrowdbldown
lA	600,571,0,140,144,71	2	514	arrowdblleft
rA	600,571,0,143,141,71	2	515	arrowdblright
uA	600,707,0,0,-3	2	516	arrowdblup
da	600,538,12,0,-107	0	517	arrowdown
<-	600,371,0,35,26,35	0	518	arrowleft
->	600,371,0,35,26,35	0	519	arrowright
ua	600,538,12,0,-107	0	520	arrowup
va	600,525,25,0,-117	0	521	arrowupdn
u21A8	600,564,84,0,-120	2	522	arrowupdnbse
**	600,417,0,0,-94	0	523	asteriskmath
*b	600,602,178,0,-2	2	524	beta
u2588	600,750,250,50,50,50	3	525	block
'c	600,637,16,52,-67,52	2	526	cacute
CR	600,560,0,0,-28	0	527	carriagereturn
u0063_030C	600,637,16,52,-67,52	2	528	ccaron
u0063_0302	600,638,16,52,-67,52	2	529	ccircumflex
u0063_0307	600,609,16,52,-67,52	2	530	cdotaccent
*x	600,433,182,0,2	1	531	chi
ci	600,496,0,0,-35	0	532	circle
c*	600,500,0,0,22	0	533	circlemultiply
CL	600,563,0,32,32,32	2	534	club
=~	600,489,0,5,4,5	0	535	congruent
u0064_030C	600,616,16,230,-47,71	2	536	dcaron
u0111	600,603,16,145,-47,71	2	537	dcroat
*d	600,651,16,33,-56,33	2	538	delta
DI	600,585,22,0,-47	2	539	diamond
u00A8_0301	600,637,0,0,-135	2	540	dieresistonos
u2593	600,758,142,50,50,50	2	541	dkshade
u2584	600,250,250,50,50,50	1	542	dnblock
u0065_0306	600,618,16,29,-49,29	2	543	ebreve
u0065_030C	600,637,16,33,-49,33	2	544	ecaron
u0065_0307	600,609,16,26,-49,26	2	545	edotaccent
u2078	600,611,0,0,-211	2	546	eightsuperior
mo	600,514,0,31,30,31	0	547	element
u2026	600,93,15,13,-2,13	0	548	ellipsis
u0065_0304	600,575,16,26,-49,26	2	549	emacron
es	600,513,86,0,-17	0	550	emptyset
u014B	600,433,184,2,-2,2	1	551	eng
u0065_0328	600,433,152,26,-49,26	0	552	eogonek
*e	600,446,11,0,-102	0	553	epsilon
u03B5_0301	600,637,16,0,-54	2	554	epsilontonos
==	600,449,0,5,4,5	0	555	equivalence
u212E	600,424,7,0,-17	0	556	estimated
*y	600,433,182,0,29	1	557	eta
u03B7_0301	600,637,182,0,29	3	558	etatonos
u203C	600,616,15,0,-65	2	559	exclamdbl
te	600,563,0,0,-69	2	560	existential
u2640	600,705,0,0,-37	2	561	female
u25A0	600,481,0,0,-10	0	562	filledbox
u25AC	600,282,0,32,31,32	0	563	filledrect
58	600,603,8,81,-30,71	2	564	fiveeighths
u2075	600,603,0,0,-196	2	565	fivesuperior
u2074	600,603,0,0,-208	2	566	foursuperior
u20A3	600,563,0,140,-12,71	2	567	franc
*g	600,419,182,63,-23,63	1	568	gamma
u0067_0306	600,618,187,103,-50,71	3	569	gbreve
u0067_0302	600,638,187,103,-50,71	3	570	gcircumflex
u0067_0327	600,665,187,103,-50,71	3	571	gcommaaccent
u0067_0307	600,609,187,103,-50,71	3	572	gdotaccent
gr	600,563,0,15,15,15	2	573	gradient
>=	600,562,1,0,4	2	574	greaterequal
u0127	600,603,0,12,0,12	2	575	hbar
u0068_0302	600,785,0,12,0,12	2	576	hcircumflex
HE	600,563,22,0,-1	2	577	heart
u2302	600,565,0,0,-20	2	578	house
u0069_0306	600,618,0,0,3	2	579	ibreve
ij	600,622,184,120,26,71	3	580	ij
u0069_0304	600,575,0,20,-41,20	2	581	imacron
if	600,409,0,38,38,38	0	582	infinity
integral	600,634,199,0,-97	3	583	integral
is	"
u2321	600,634,182,0,-96	3	584	integralbt
u2320	600,634,182,0,-224	3	585	integraltp
ca	600,562,0,0,-13	2	586	intersection
u25D8	600,479,0,0,-11	0	587	invbullet
u25D9	600,563,0,32,31,32	2	588	invcircle
u263B	600,563,0,32,31,32	2	589	invsmileface
u0069_0328	600,622,152,0,-41	2	590	iogonek
*i	600,433,16,0,-166	0	591	iota
u03B9_0308	600,569,16,0,-150	2	592	iotadieresis
u03B9_0308_0301	600,637,16,0,-128	2	593	iotadieresistonos
u03B9_0301	600,637,16,0,-166	2	594	iotatonos
u0069_0303	600,603,0,0,-41	2	595	itilde
u006A_0302	600,638,184,42,-57,42	3	596	jcircumflex
*k	600,419,0,0,2	0	597	kappa
u006B_0327	600,603,232,34,-12,34	3	598	kcommaaccent
u0138	600,419,0,33,-12,33	0	599	kgreenlandic
u006C_0301	600,784,0,28,-41,28	2	600	lacute
*l	600,602,0,1,53,1	2	601	lambda
u006C_030C	600,616,0,48,-41,48	2	602	lcaron
u006C_0327	600,603,232,0,-41	3	603	lcommaaccent
u0140	600,603,0,102,-41,71	2	604	ldot
<=	600,562,1,0,4	2	605	lessequal
u258C	600,750,250,0,50	3	606	lfblock
u20A4	600,577,0,0,9	2	607	lira
u017F	600,603,0,119,-54,71	2	608	longs
lz	600,647,39,24,26,24	2	609	lozenge
u2591	600,750,150,0,50	2	610	ltshade
u2642	600,690,4,0,-9	2	611	male
fm	600,608,0,0,-197	2	612	minute
u266A	600,563,0,0,-82	2	613	musicalnote
u266B	600,799,102,0,-23	2	614	musicalnotedbl
u006E_0301	600,637,0,33,-2,33	2	615	nacute
u0149	600,616,0,26,-26,26	2	616	napostrophe
u006E_030C	600,637,0,33,-2,33	2	617	ncaron
u006E_0327	600,433,232,2,-2,2	1	618	ncommaaccent
u2079	600,611,0,0,-211	2	619	ninesuperior
nm	600,615,79,31,30,31	2	620	notelement
!=	600,511,0,5,4,5	0	621	notequal
nb	600,584,86,45,29,45	2	622	notsubset
u207F	600,543,0,0,-148	0	623	nsuperior
*n	600,425,0,0,-23	0	624	nu
u006F_0306	600,618,16,0,-12	2	625	obreve
u006F_030B	600,631,16,72,-56,71	2	626	ohungarumlaut
u006F_0304	600,575,16,33,-56,33	2	627	omacron
*w	600,433,16,0,4	0	628	omega
+p	600,440,15,128,-36,71	0	629	omega1
u03C9_0301	600,637,16,0,4	2	630	omegatonos
*o	600,433,16,0,-12	0	631	omicron
u03BF_0301	600,637,16,0,-14	2	632	omicrontonos
18	600,612,8,92,-16,71	2	633	oneeighth
u25E6	600,417,0,0,-128	0	634	openbullet
u221F	600,486,0,0,-8	0	635	orthogonal
u00F8_0301	600,637,42,93,8,71	2	636	oslashacute
pd	600,580,16,0,-17	2	637	partialdiff
pp	600,505,0,8,7,8	0	638	perpendicular
u20A7	600,563,16,38,81,38	2	639	peseta
*f	600,433,182,4,-6,4	1	640	phi
+f	600,588,38,70,-49,70	2	641	phi1
*p	600,419,0,65,-24,65	0	642	pi
product	600,643,83,16,17,16	2	643	product
sb	600,464,0,20,54,20	0	644	propersubset
sp	600,464,0,20,54,20	0	645	propersuperset
pt	600,381,0,0,36	0	646	proportional
*q	600,602,182,59,-27,59	3	647	psi
u201B	600,563,0,85,8,71	2	648	quotereversed
u0072_0301	600,637,0,75,-33,71	2	649	racute
sqrt	600,700,18,86,31,71	2	650	radical
sr	"
u0072_030C	600,637,0,75,-33,71	2	651	rcaron
u0072_0327	600,429,232,75,-33,71	1	652	rcommaaccent
ib	600,605,0,20,54,20	2	653	reflexsubset
ip	600,605,0,20,54,20	2	654	reflexsuperset
u2310	600,440,0,0,-17	0	655	revlogicalnot
*r	600,433,182,0,37	1	656	rho
u2590	600,750,250,50,-250,50	3	657	rtblock
u0073_0301	600,637,16,33,-53,33	2	658	sacute
u0073_0327	600,433,169,14,-53,14	0	659	scedilla
u0073_0302	600,638,16,14,-53,14	2	660	scircumflex
u0073_0326	600,433,232,14,-53,14	1	661	scommaaccent
sd	600,608,0,0,-111	2	662	second
78	600,603,8,80,-52,71	2	663	seveneighths
u2077	600,603,0,0,-251	2	664	sevensuperior
u2592	600,725,174,49,50,49	2	665	shade
*s	600,433,16,119,-56,71	0	666	sigma
u2076	600,611,0,0,-233	2	667	sixsuperior
u263A	600,563,0,32,31,32	2	668	smileface
SP	600,585,0,9,-48,9	2	669	spade
st	600,514,0,31,30,31	0	670	suchthat
sum	600,564,124,0,-57	2	671	summation
u263C	600,576,13,45,45,45	2	672	sun
*t	600,419,15,7,-137,7	0	673	tau
u0167	600,562,16,0,-68	2	674	tbar
u0074_030C	600,616,16,48,-72,48	2	675	tcaron
u0074_0327	600,562,176,0,-72	2	676	tcommaaccent
3d	600,573,0,17,17,17	2	677	therefore
tf	"
*h	600,602,16,0,-43	2	678	theta
+h	600,736,16,36,22,36	2	679	theta1
38	600,611,8,80,-31,71	2	680	threeeighths
u0384	600,637,0,0,-244	2	681	tonos
u25BC	600,465,0,0,-9	0	682	triagdn
u25C4	600,414,0,0,-17	0	683	triaglf
u25BA	600,414,0,0,-47	0	684	triagrt
u25B2	600,485,0,0,-18	0	685	triagup
u0075_0306	600,618,16,26,-72,26	2	686	ubreve
u0075_030B	600,631,16,32,-72,32	2	687	uhungarumlaut
u0075_0304	600,575,16,26,-72,26	2	688	umacron
u2017	600,0,317,68,67,68	1	689	underscoredbl
u00A0	600,0,0,0,-269	0	690	uni00A0
u00AD	600,304,0,44,-76,44	0	691	uni00AD
u0054_0326	600,563,232,105,-97,71	3	692	uni021A
u0074_0326	600,562,232,0,-72	3	693	uni021B
u02C9	600,575,0,20,-218,20	2	694	uni02C9
u00B7	600,352,0,0,-230	0	695	uni0387
*D	600,563,0,0,46	2	696	uni0394
*W	600,575,0,93,25,71	2	697	uni03A9
*m	600,419,182,0,10	1	698	uni03BC
mc	"
ts	600,433,182,32,-38,32	1	699	uni03C2
u0415_0300	600,784,0,76,8,71	2	700	uni0400
u0418_0300	600,784,0,98,64,71	2	701	uni040D
u0435_0300	600,564,0,242,-69,71	2	702	uni0450
u0438_0300	600,637,0,62,56,62	2	703	uni045D
u0462	600,563,0,0,49	2	704	uni0462
u0463	600,552,0,0,49	0	705	uni0463
u0472	600,575,16,72,-47,71	2	706	uni0472
u0473	600,433,16,33,-56,33	0	707	uni0473
u0474	600,564,0,242,-69,71	2	708	uni0474
u0475	600,419,0,116,-13,71	0	709	uni0475
u0492	600,563,0,97,8,71	2	710	uni0492
u0493	600,419,0,46,49,46	0	711	uni0493
u0496	600,564,121,100,94,71	2	712	uni0496
u0497	600,419,122,60,82,60	0	713	uni0497
u0498	600,575,169,12,29,12	2	714	uni0498
u0499	600,433,169,0,13	0	715	uni0499
u049A	600,564,121,71,27,71	2	716	uni049A
u049B	600,420,121,26,29,26	0	717	uni049B
u049C	600,564,0,71,27,71	2	718	uni049C
u049D	600,420,0,26,29,26	0	719	uni049D
u04A0	600,564,0,86,12,71	2	720	uni04A0
u04A1	600,420,0,26,29,26	0	721	uni04A1
u04A2	600,563,122,58,42,58	2	722	uni04A2
u04A3	600,419,121,38,40,38	0	723	uni04A3
u04AA	600,575,169,91,-55,71	2	724	uni04AA
u04AB	600,433,169,52,-67,52	0	725	uni04AB
u04AE	600,563,0,121,-98,71	2	726	uni04AE
u04AF	600,419,211,45,-36,45	1	727	uni04AF
u04B0	600,563,0,121,-98,71	2	728	uni04B0
u04B1	600,419,211,45,-36,45	1	729	uni04B1
u04B2	600,563,121,74,55,71	2	730	uni04B2
u04B3	600,419,121,23,44,23	0	731	uni04B3
u04B6	600,563,121,63,-33,63	2	732	uni04B6
u04B7	600,419,121,36,-18,36	0	733	uni04B7
u04B8	600,563,0,62,-32,62	2	734	uni04B8
u04B9	600,419,0,36,-18,36	0	735	uni04B9
u04BA	600,563,0,62,-32,62	2	736	uni04BA
u04BB	600,602,0,0,41	2	737	uni04BB
u04C0	600,563,0,15,-18,15	2	738	uni04C0
u04CB	600,563,121,63,-33,63	2	739	uni04CB
u04CC	600,419,121,36,-18,36	0	740	uni04CC
u04CF	600,563,0,15,-18,15	2	741	uni04CF
u04D8	600,575,16,71,-46,71	2	742	uni04D8
u0418_0304	600,772,0,52,42,52	2	743	uni04E2
u0438_0304	600,618,16,29,-38,29	2	744	uni04E3
u04E8	600,575,16,72,-47,71	2	745	uni04E8
u04E9	600,419,121,33,40,33	0	746	uni04E9
u0423_0304	600,772,0,76,8,71	2	747	uni04EE
u0443_0304	600,618,16,29,-49,29	2	748	uni04EF
u2002	600,0,0,0,-250	0	749	uni2002
rn	600,741,0,228,-93,71	2	750	uni203E
u20AF	600,634,190,26,28,26	3	751	uni20AF
u20DD	600,501,0,0,-1	0	752	uni20DD
-h	600,641,14,0,-37	2	753	uni210F
hbar	"
u2112	600,581,12,0,50	2	754	uni2112
u211E	600,560,75,0,5	0	755	uni211E
u2120	600,564,0,48,13,48	2	756	uni2120
u03A9	600,575,0,29,29,29	2	757	uni2126
u2128	600,547,111,0,14	0	758	uni2128
u212D	600,581,14,0,-13	2	759	uni212D
u212F	600,445,12,0,-18	0	760	uni212F
u2136	600,529,0,0,-62	0	761	uni2136
u2137	600,530,0,0,-117	0	762	uni2137
u2196	600,449,0,0,-57	0	763	uni2196
u2197	600,449,0,0,-57	0	764	uni2197
u2198	600,449,0,0,-57	0	765	uni2198
u2199	600,449,0,0,-57	0	766	uni2199
u21C4	600,463,35,21,23,21	0	767	uni21C4
u21C6	600,463,35,23,21,23	0	768	uni21C6
vA	600,661,35,0,-24	2	769	uni21D5
u220D	600,449,12,0,-95	0	770	uni220D
-+	600,529,0,0,-22	0	771	uni2213
u2215	600,471,0,98,-31,71	0	772	uni2215
u2219	600,352,0,0,-230	0	773	uni2219
u2223	600,837,145,0,-211	2	774	uni2223
u2225	600,881,246,0,-139	3	775	uni2225
AN	600,435,0,0,-41	0	776	uni2227
OR	600,435,0,0,-41	0	777	uni2228
u222E	600,636,203,0,-71	3	778	uni222E
u2235	600,574,0,11,12,11	2	779	uni2235
u2237	600,574,0,9,14,9	2	780	uni2237
ne	600,555,0,0,-1	0	781	uni2262
>>	600,563,0,0,-10	2	782	uni226A
<<	600,563,0,0,-10	2	783	uni226B
nc	600,586,88,39,24,39	2	784	uni2285
c+	600,501,0,0,1	0	785	uni2295
u2296	600,501,0,0,-1	0	786	uni2296
u2298	600,501,0,0,5	0	787	uni2298
u2299	600,501,0,0,-1	0	788	uni2299
u22A2	600,504,0,0,4	0	789	uni22A2
u22A3	600,504,0,4,1,4	0	790	uni22A3
u22A4	600,504,0,4,1,4	0	791	uni22A4
u22BB	600,438,160,0,-41	0	792	uni22BB
u256D	600,282,246,55,-218,55	1	793	uni256D
u256E	600,281,246,0,50	1	794	uni256E
u256F	600,749,0,0,50	2	795	uni256F
u2570	600,749,0,54,-218,54	2	796	uni2570
sq	600,567,0,34,33,34	2	797	uni25A1
u25B5	600,476,0,0,-44	0	798	uni25B5
u25B9	600,453,0,0,-44	0	799	uni25B9
u25BF	600,476,0,0,-45	0	800	uni25BF
u25C3	600,453,0,0,-20	0	801	uni25C3
u25C6	600,620,0,16,6,16	2	802	uni25C6
u25C7	600,669,12,59,57,59	2	803	uni25C7
u301A	600,787,155,0,-66	2	804	uni301A
u301B	600,787,155,0,-66	2	805	uni301B
uEFBF	600,872,0,122,123,71	2	806	uniEFBF
uEFC0	600,843,179,0,50	2	807	uniEFC0
uEFC1	600,870,152,0,50	2	808	uniEFC1
uEFC2	600,749,246,46,50,46	3	809	uniEFC2
uEFC3	600,749,246,46,50,46	3	810	uniEFC3
uEFC4	600,843,179,50,-128,50	2	811	uniEFC4
uEFC5	600,870,152,50,-128,50	2	812	uniEFC5
uEFC6	600,750,246,0,-2	3	813	uniEFC6
uEFC7	600,749,247,0,-2	3	814	uniEFC7
uEFC8	600,749,246,0,-2	3	815	uniEFC8
uEFC9	600,843,152,0,-128	2	816	uniEFC9
uEFCA	600,476,78,0,-44	0	817	uniEFCA
uEFCB	600,305,0,50,50,50	0	818	uniEFCB
uEFCC	600,872,181,64,-217,64	3	819	uniEFCC
uEFCD	600,870,179,65,65,65	2	820	uniEFCD
uEFCE	600,167,180,8,50,8	0	821	uniEFCE
uEFCF	600,870,179,0,64	2	822	uniEFCF
uEFD0	600,873,0,9,50,9	2	823	uniEFD0
uEFD1	600,870,179,65,65,65	2	824	uniEFD1
uEFD2	600,870,179,65,64,65	2	825	uniEFD2
uEFD3	600,870,179,64,65,64	2	826	uniEFD3
uEFD4	600,749,246,0,-8	3	827	uniEFD4
uEFD5	600,443,276,4,-4,4	1	828	uniEFD5
uEFD6	600,566,0,27,21,27	2	829	uniEFD6
uEFD7	600,603,0,53,50,53	2	830	uniEFD7
uEFD8	600,603,0,53,50,53	2	831	uniEFD8
uEFD9	600,566,0,38,36,38	2	832	uniEFD9
uEFDA	600,603,0,53,50,53	2	833	uniEFDA
uEFDB	600,603,0,53,50,53	2	834	uniEFDB
uEFDC	600,843,188,0,21	3	835	uniEFDC
uEFDD	600,749,246,0,-204	3	836	uniEFDD
uEFDE	600,749,246,0,-8	3	837	uniEFDE
uEFDF	600,749,246,0,-204	3	838	uniEFDF
uEFE0	600,749,246,0,-8	3	839	uniEFE0
uEFE1	600,749,246,0,-204	3	840	uniEFE1
uEFE2	600,749,246,0,-30	3	841	uniEFE2
uEFE3	600,749,246,0,-204	3	842	uniEFE3
uEFE4	600,843,179,0,50	2	843	uniEFE4
uEFE5	600,870,152,0,50	2	844	uniEFE5
uEFE6	600,843,179,50,-204,50	2	845	uniEFE6
uEFE7	600,870,152,50,-204,50	2	846	uniEFE7
uEFE8	600,242,0,50,50,50	0	847	uniEFE8
uEFE9	600,933,0,0,50	2	848	uniEFE9
uEFEA	600,870,0,50,50,50	2	849	uniEFEA
uEFEB	600,0,179,50,50,50	0	850	uniEFEB
uEFEC	600,548,11,0,-29	0	851	uniEFEC
uEFFA	600,602,0,52,50,52	2	852	uniEFFA
uEFFB	600,600,0,50,50,50	2	853	uniEFFB
uEFFC	600,602,0,50,50,50	2	854	uniEFFC
uEFFD	600,602,0,52,50,52	2	855	uniEFFD
uEFFE	600,569,12,31,16,31	2	856	uniEFFE
uEFFF	600,740,0,0,-17	2	857	uniEFFF
cu	600,562,0,0,-13	2	858	union
fa	600,599,0,0,-5	2	859	universal
u0075_0328	600,419,152,26,-72,26	0	860	uogonek
u2580	600,750,0,50,50,50	2	861	upblock
*u	600,419,16,45,-28,45	0	862	upsilon
u03C5_0308	600,590,16,45,-28,45	2	863	upsilondieresis
u03C5_0308_0301	600,616,16,45,-28,45	2	864	upsilondieresistonos
u03C5_0301	600,637,16,45,-28,45	2	865	upsilontonos
u0075_030A	600,658,16,26,-72,26	2	866	uring
u0075_0303	600,603,16,27,-72,27	2	867	utilde
u0077_0301	600,637,0,111,-59,71	2	868	wacute
u0077_0302	600,638,0,67,-15,67	2	869	wcircumflex
u0077_0308	600,609,0,111,-59,71	2	870	wdieresis
wp	600,407,165,16,13,16	0	871	weierstrass
u0077_0300	600,637,0,111,-59,71	2	872	wgrave
*c	600,602,182,0,-81	3	873	xi
u0079_0302	600,638,182,46,77,46	3	874	ycircumflex
u0079_0300	600,637,182,90,33,71	3	875	ygrave
u007A_0301	600,637,0,32,-58,32	2	876	zacute
u007A_0307	600,609,0,19,-58,19	2	877	zdotaccent
u2070	600,611,0,0,-218	2	878	zerosuperior
*z	600,602,182,0,-93	3	879	zeta
